+-------------+----------------------------+-----------------------------+------------------------------+--------------------------------+
| Algorithm   | M=10                       | M=50                        | M=100                        | M=200                          |
+=============+============================+=============================+==============================+================================+
| SPICE       | 2.0900 [ 1.3928, 2.6192 ]  | 9.8741 [ 7.0740, 12.6784 ]  | 37.2576 [ 28.4326, 50.2760 ] | 105.7187 [ 87.4974, 173.4410 ] |
+-------------+----------------------------+-----------------------------+------------------------------+--------------------------------+
| SAMV        | 1.1740 [ 0.8012, 1.5072 ]  | 2.9180 [ 2.0832, 3.9645 ]   | 6.7685 [ 5.3498, 9.8083 ]    | 21.0878 [ 18.1336, 37.6076 ]   |
+-------------+----------------------------+-----------------------------+------------------------------+--------------------------------+
| AIRM        | 2.4970 [ 1.8793, 18.9230 ] | 5.1139 [ 3.6191, 226.7373 ] | 9.0417 [ 6.2476, 209.3029 ]  | 20.9586 [ 16.5157, 165.5903 ]  |
+-------------+----------------------------+-----------------------------+------------------------------+--------------------------------+
| JBLD        | 2.1636 [ 1.6313, 2.6367 ]  | 3.1330 [ 2.4021, 3.8445 ]   | 5.1298 [ 4.1410, 6.7611 ]    | 12.9560 [ 10.8290, 20.7104 ]   |
+-------------+----------------------------+-----------------------------+------------------------------+--------------------------------+